$ANSIBLE_VAULT;1.2;AES256;prod
31626665363339386538653739316138613136366337343337623866393461643135623330386137
3362383736336362336162373832383735666563303963390a663136346338303964373066353237
35313935636664316138303833633665313532616635313863316532303039353563383132636635
6662393462623335310a633164326431626633316531373762313930376132393233376331636231
64386335646366366335623431636135653662333165336363626238623232646232313636666137
61613839623631306666366339623261663434643936376436616432626135323235376333656662
36643834646636653666323839633030616136666536336163383463343731393062386437663739
38326563653862316361376537643462643138366332616333663834336431346438303735353436
62646363656430396130636530313865613632313536353261653163363034363138313936366632
66303739613230386537303035663664653538636432316461613131326132363132336262616131
33663863343834643736316535396166386637393162656462303238643231666330393663663533
64636539633061393337653339383432623463623737373062643530343431376661353834623836
30623662646462663338643766613831616237653332376433396131643339663937373230323230
61643538376331643535623739623736336538323737393533666532343838663139613831353737
33343766663236393033326133303566373235613465623830643935306339306439663664326236
31303364623638396564353464653731373661636466323661346631363937336138663561323264
33323833346561653361333039356539633735633137373739636531386232306139326565643537
35666565326463316164663338663662363532636536643236383432643833373630393536303538
62643435653139333134333738343336316332333166386332316431306330393935396332386335
64653834666333383437366137313839303066383333376564373033346161323437313435616434
31376136653430376161396332353364333362386537656230626138323566323261363237616232
39653839623661616366353737663236303038383932333430633937373862396635326533616465
66393362663530663438633230386561313332643338306431643030383364663930643634326265
30353434633435653030636337663734636434313335636663383237373733323563666435363436
61323666343735383464323462663962346235646165393963646631313636643836623033646163
64643239623066333030326363396235396539653438626261656331336431346564363230663361
33623662666264326232303037653763313062646261643338393930303061663034613331643334
34396234663466306338666335336266396634616632313037373266386166306562373764376162
32376338333864373037383739373539633430613930343031326265353138336466626266636138
61383736393636663938383733393061303166666265356264633039623736646531376331326135
33326133326663326365633037346436316237623732336364396665313430656564333664363138
38653563646336643031313139663137333361393837616635643939343239383839663032323136
63643936323931353339316431396234666633613564386130656366613735323533663332326435
61393433616437343336663866306231323661656532333136653739366434376462343562633232
62323833323163353762303462336334653661323233633631646531373337343338643739636361
63383963336236633734346465343764383836623132633163366564353961643165393662346466
66343839633536306137633962396338386632666538643232303965373932633638
