$ANSIBLE_VAULT;1.1;AES256
38626635666338393730353966303331643566646561363838333832623138613931363835363963
3638396538626433393763386136636235326139633666640a343437613564616635316532373635
66383136303434303165613736623463363231356662373063336130356338633133346236326465
3235356333396461620a366537613762396335333366356433646430306365663238373933313461
65636532373635666537653332616231663239633665386336666263633934656630363561623538
39633732616331636166623037393939383964383032653966633232373937363464343733633337
37373661343035303964616336363131663635393633383636336632633339326133313065326262
63326164613739616136396165363563646537383965303733313165346462373836326635303530
35656537613533643432643936653132656661633438396463396330653937396565363538323533
39363639376131653763356566393263373930636564303032613562353863363933383938653530
37363663376539616263333039663164636432323763353533326465346665343864343835373838
32393937386233626635623434396262653535376261353765303038343863633731366165623536
64653734626431356661393638306363626363633830313430313234653439323766626232646365
62393137663362623934643334623561656566646533313061633235346637623366613562623863
66643566383165626532636366316333336631633038363662623461333535313536303734633366
30386638646665643733326665306338616339393836656539626339373839613539386538666136
65653338623738373266623531653934386138373763366362393736613766636630393265616339
36656231383230656531366331366534386538363661616164653534313537313836366366383030
66396335646438646637656466646639393063306435623931656466303731353133643435316238
35316361653734646462623133313261383238643863343631316631656663323638313463313033
37363261663862333632326139346335643431663065616161316235633565343765643831386566
36353866633034373337323465643631313531313037313638303730346165393438646631383963
32353638353763613238376332366266383064643430613839613831373663386462363936666434
61656163633031326461393032653737626636306662343136643062396665666237636335666436
61313366613130303432613038373464373233343763616631366366303365383733363966343063
39656561316638663964666231613936363737323130623138363263313064386336346136646562
64663461376339343562633336623234346265653737623139336366366562323030616631656237
33663865646533336630613639316239353930343965323166323835313230616462623537343238
34306134393164356139623430363639333862383134366166393334396662303664343637306432
66356533636338376332393561643036323733356231386366333136336531616436313736356461
63303639326133666665653961383237633461313837623566396363643036313035383563646639
66373034613230323234363833303265393363303039663265303031323961313430376634333637
65386137336462323039656530356232656562366539383338386636666361343236656162313934
65313032373830653537376164386232303733626330663635313133663833663235633062326334
61363062336636656338386263343466303334663831656430303331323863336164613664333537
35373564313132356663633633346136376332633665373634363234666363356530386562616463
35343436313638613837386661336366633832333938666532303931346434386433
